P2
12 12
255
250 244 238 232 226 220 215 209 204 199 193 66
244 87 97 106 116 127 138 149 161 173 185 60
238 97 106 116 127 138 149 161 173 185 87 55
232 106 116 127 138 149 161 173 185 87 97 49
226 116 127 138 149 161 173 185 87 97 106 44
220 127 138 149 161 173 185 87 97 106 116 38
215 138 149 161 173 185 87 97 106 116 127 32
209 149 161 173 185 87 97 106 116 127 138 27
204 161 173 185 87 97 106 116 127 138 149 21
199 173 185 87 97 106 116 127 138 149 161 16
193 185 87 97 106 116 127 138 149 161 173 10
66 60 55 49 44 38 32 27 21 16 10 5